(-40,-79);
(16,-79);
(-40,-23);
(16,-23);
(53,-4);
(149,-4);
(53,92);
(149,92);
(10,-56);
(78,-56);
(10,12);
(78,12);
(-16,-104);
(48,-104);
(-16,-40);
(48,-40);
(-32,50);
(44,50);
(-32,126);
(44,126);
(81,56);
(164,56);
(81,139);
(164,139);
(55,90);
(100,90);
(55,135);
(100,135);
(113,-45);
(138,-45);
(113,-20);
(138,-20);
(-91,57);
(-6,57);
(-91,142);
(-6,142);
(-107,-84);
(-65,-84);
(-107,-42);
(-65,-42);
(-25,-63);
(62,-63);
(-25,24);
(62,24);
(23,13);
(65,13);
(23,55);
(65,55);
(-49,106);
(21,106);
(-49,176);
(21,176);
(-24,37);
(58,37);
(-24,119);
(58,119);
(-106,-108);
(-23,-108);
(-106,-25);
(-23,-25);
(-19,-16);
(38,-16);
(-19,41);
(38,41);
(-89,-121);
(-34,-121);
(-89,-66);
(-34,-66);
(-18,53);
(61,53);
(-18,132);
(61,132);
(119,-60);
(156,-60);
(119,-23);
(156,-23);
(-105,110);
(-41,110);
(-105,174);
(-41,174);
(-105,92);
(-68,92);
(-105,129);
(-68,129);
(63,97);
(101,97);
(63,135);
(101,135);
(27,6);
(65,6);
(27,44);
(65,44);
(28,94);
(108,94);
(28,174);
(108,174);
(26,75);
(107,75);
(26,156);
(107,156);
(-73,26);
(-24,26);
(-73,75);
(-24,75);
(-25,-50);
(10,-50);
(-25,-15);
(10,-15);
(8,-18);
(85,-18);
(8,59);
(85,59);
(-116,77);
(-35,77);
(-116,158);
(-35,158);
(-119,79);
(-86,79);
(-119,112);
(-86,112);
(-3,-30);
(63,-30);
(-3,36);
(63,36);
(-24,1);
(40,1);
(-24,65);
(40,65);
(-115,0);
(-73,0);
(-115,42);
(-73,42);
(100,-9);
(137,-9);
(100,28);
(137,28);
(-76,118);
(1,118);
(-76,195);
(1,195);
(-107,55);
(-60,55);
(-107,102);
(-60,102);
(-124,-91);
(-60,-91);
(-124,-27);
(-60,-27);
(77,90);
(109,90);
(77,122);
(109,122);
(30,-34);
(91,-34);
(30,27);
(91,27);
(80,-125);
(152,-125);
(80,-53);
(152,-53);
(-28,-98);
(57,-98);
(-28,-13);
(57,-13);
(107,-115);
(180,-115);
(107,-42);
(180,-42);
(-42,-103);
(-12,-103);
(-42,-73);
(-12,-73);
(24,0);
(78,0);
(24,54);
(78,54);
(-76,62);
(-24,62);
(-76,114);
(-24,114);
(-123,-46);
(-47,-46);
(-123,30);
(-47,30);
(-122,-3);
(-36,-3);
(-122,83);
(-36,83);
(48,51);
(116,51);
(48,119);
(116,119);
(23,-111);
(67,-111);
(23,-67);
(67,-67);
(95,97);
(153,97);
(95,155);
(153,155);
(111,36);
(164,36);
(111,89);
(164,89);
(106,35);
(143,35);
(106,72);
(143,72);
(59,-28);
(119,-28);
(59,32);
(119,32);
(-65,82);
(-35,82);
(-65,112);
(-35,112);
(91,103);
(121,103);
(91,133);
(121,133);
(8,-122);
(43,-122);
(8,-87);
(43,-87);
(-124,-72);
(-92,-72);
(-124,-40);
(-92,-40);
(48,4);
(131,4);
(48,87);
(131,87);
(45,13);
(130,13);
(45,98);
(130,98);
(-57,126);
(3,126);
(-57,186);
(3,186);
(64,-27);
(138,-27);
(64,47);
(138,47);
(113,-27);
(205,-27);
(113,65);
(205,65);
(-97,113);
(-42,113);
(-97,168);
(-42,168);
(-4,38);
(23,38);
(-4,65);
(23,65);
(-36,-114);
(2,-114);
(-36,-76);
(2,-76);
(-116,-18);
(-34,-18);
(-116,64);
(-34,64);
(66,90);
(127,90);
(66,151);
(127,151);
(77,78);
(148,78);
(77,149);
(148,149);
(-72,-55);
(-36,-55);
(-72,-19);
(-36,-19);
(112,-91);
(146,-91);
(112,-57);
(146,-57);
(107,-78);
(152,-78);
(107,-33);
(152,-33);
(-25,-71);
(52,-71);
(-25,6);
(52,6);
(-69,114);
(16,114);
(-69,199);
(16,199);
(86,4);
(170,4);
(86,88);
(170,88);
(0,84);
(89,84);
(0,173);
(89,173);
(-76,67);
(-34,67);
(-76,109);
(-34,109);
(-63,46);
(-34,46);
(-63,75);
(-34,75);
(113,27);
(146,27);
(113,60);
(146,60);
(-27,68);
(51,68);
(-27,146);
(51,146);
(-108,50);
(-66,50);
(-108,92);
(-66,92);
(-37,13);
(25,13);
(-37,75);
(25,75);
(86,-62);
(129,-62);
(86,-19);
(129,-19);
(13,-43);
(99,-43);
(13,43);
(99,43);
(0,37);
(42,37);
(0,79);
(42,79);
(-78,-67);
(-12,-67);
(-78,-1);
(-12,-1);
(-62,51);
(15,51);
(-62,128);
(15,128);
(-59,43);
(-19,43);
(-59,83);
(-19,83);
(21,-45);
(82,-45);
(21,16);
(82,16);
(-28,-40);
(35,-40);
(-28,23);
(35,23);
(-27,-13);
(4,-13);
(-27,18);
(4,18);
(79,-75);
(132,-75);
(79,-22);
(132,-22);
(126,36);
(151,36);
(126,61);
(151,61);
(-77,55);
(-15,55);
(-77,117);
(-15,117);
(17,-59);
(81,-59);
(17,5);
(81,5);
(-125,-51);
(-85,-51);
(-125,-11);
(-85,-11);
(59,-60);
(100,-60);
(59,-19);
(100,-19);
(-32,-59);
(52,-59);
(-32,25);
(52,25);
(85,90);
(110,90);
(85,115);
(110,115);
(-71,-63);
(-5,-63);
(-71,3);
(-5,3);
(6,-64);
(98,-64);
(6,28);
(98,28);
(103,-49);
(161,-49);
(103,9);
(161,9);
(30,-115);
(72,-115);
(30,-73);
(72,-73);
(41,80);
(96,80);
(41,135);
(96,135);
(81,2);
(155,2);
(81,76);
(155,76);
(117,120);
(160,120);
(117,163);
(160,163);
(124,109);
(190,109);
(124,175);
(190,175);
(-87,86);
(12,86);
(-87,185);
(12,185);
(-23,31);
(62,31);
(-23,116);
(62,116);
(44,71);
(69,71);
(44,96);
(69,96);
(-111,-106);
(-34,-106);
(-111,-29);
(-34,-29);
(14,-63);
(89,-63);
(14,12);
(89,12);
(-30,-22);
(5,-22);
(-30,13);
(5,13);
(-93,-89);
(2,-89);
(-93,6);
(2,6);
(-89,-96);
(2,-96);
(-89,-5);
(2,-5);
(-5,74);
(90,74);
(-5,169);
(90,169);
(21,75);
(118,75);
(21,172);
(118,172);
(89,-112);
(125,-112);
(89,-76);
(125,-76);
(-50,-81);
(-7,-81);
(-50,-38);
(-7,-38);
(-1,-43);
(89,-43);
(-1,47);
(89,47);
(-74,-3);
(13,-3);
(-74,84);
(13,84);
(22,-31);
(48,-31);
(22,-5);
(48,-5);
(-104,-96);
(-79,-96);
(-104,-71);
(-79,-71);
(115,-47);
(154,-47);
(115,-8);
(154,-8);
(-23,-15);
(7,-15);
(-23,15);
(7,15);
(-54,-121);
(45,-121);
(-54,-22);
(45,-22);
(119,63);
(202,63);
(119,146);
(202,146);
(-29,-30);
(51,-30);
(-29,50);
(51,50);
(95,18);
(157,18);
(95,80);
(157,80);
(-70,-27);
(14,-27);
(-70,57);
(14,57);
(-14,37);
(80,37);
(-14,131);
(80,131);
(123,89);
(182,89);
(123,148);
(182,148);
(33,49);
(98,49);
(33,114);
(98,114);
(-88,58);
(-15,58);
(-88,131);
(-15,131);
(36,111);
(69,111);
(36,144);
(69,144);
(-103,-117);
(-23,-117);
(-103,-37);
(-23,-37);
(119,-95);
(157,-95);
(119,-57);
(157,-57);
(43,119);
(74,119);
(43,150);
(74,150);
(-52,36);
(-18,36);
(-52,70);
(-18,70);
(-62,-94);
(-20,-94);
(-62,-52);
(-20,-52);
(72,124);
(101,124);
(72,153);
(101,153);
(-3,63);
(48,63);
(-3,114);
(48,114);
(77,97);
(116,97);
(77,136);
(116,136);
(35,25);
(130,25);
(35,120);
(130,120);
(-58,24);
(-30,24);
(-58,52);
(-30,52);
(92,-120);
(182,-120);
(92,-30);
(182,-30);
(-14,24);
(54,24);
(-14,92);
(54,92);
(2,84);
(84,84);
(2,166);
(84,166);
(-80,125);
(-4,125);
(-80,201);
(-4,201);
(96,-98);
(164,-98);
(96,-30);
(164,-30);
(-42,-107);
(-16,-107);
(-42,-81);
(-16,-81);
(6,-126);
(42,-126);
(6,-90);
(42,-90);
(28,122);
(112,122);
(28,206);
(112,206);
(77,-17);
(174,-17);
(77,80);
(174,80);
(-70,116);
(-8,116);
(-70,178);
(-8,178);
(-12,93);
(31,93);
(-12,136);
(31,136);
(19,61);
(85,61);
(19,127);
(85,127);
(-58,105);
(-12,105);
(-58,151);
(-12,151);
(55,99);
(90,99);
(55,134);
(90,134);
(-72,-16);
(-45,-16);
(-72,11);
(-45,11);
(-55,-13);
(16,-13);
(-55,58);
(16,58);
(-14,-42);
(80,-42);
(-14,52);
(80,52);
(-123,50);
(-51,50);
(-123,122);
(-51,122);
(69,-48);
(166,-48);
(69,49);
(166,49);
(-27,81);
(15,81);
(-27,123);
(15,123);
(109,-14);
(162,-14);
(109,39);
(162,39);
(79,-92);
(166,-92);
(79,-5);
(166,-5);
(60,16);
(118,16);
(60,74);
(118,74);
(-92,-89);
(-64,-89);
(-92,-61);
(-64,-61);
(40,-72);
(134,-72);
(40,22);
(134,22);
(-41,-125);
(1,-125);
(-41,-83);
(1,-83);
(-50,114);
(32,114);
(-50,196);
(32,196);
(36,55);
(116,55);
(36,135);
(116,135);
(-14,-105);
(24,-105);
(-14,-67);
(24,-67);
(-56,98);
(26,98);
(-56,180);
(26,180);
(-35,-29);
(56,-29);
(-35,62);
(56,62);
(-55,-103);
(-28,-103);
(-55,-76);
(-28,-76);
(-28,5);
(65,5);
(-28,98);
(65,98);
(16,-102);
(86,-102);
(16,-32);
(86,-32);
(-52,-19);
(9,-19);
(-52,42);
(9,42);
(-20,-54);
(11,-54);
(-20,-23);
(11,-23);
(117,58);
(150,58);
(117,91);
(150,91);
(34,-55);
(96,-55);
(34,7);
(96,7);
(-6,53);
(93,53);
(-6,152);
(93,152);
(-27,-79);
(-1,-79);
(-27,-53);
(-1,-53);
(93,104);
(177,104);
(93,188);
(177,188);
(-47,-96);
(4,-96);
(-47,-45);
(4,-45);
(82,-113);
(152,-113);
(82,-43);
(152,-43);
(-116,-41);
(-49,-41);
(-116,26);
(-49,26);
(-7,84);
(53,84);
(-7,144);
(53,144);
(97,19);
(154,19);
(97,76);
(154,76);
(7,-58);
(56,-58);
(7,-9);
(56,-9);
(46,-28);
(103,-28);
(46,29);
(103,29);
(-126,-93);
(-42,-93);
(-126,-9);
(-42,-9);
(-28,-63);
(6,-63);
(-28,-29);
(6,-29);
(-51,-66);
(47,-66);
(-51,32);
(47,32);
(80,-39);
(148,-39);
(80,29);
(148,29);
(-66,-90);
(-17,-90);
(-66,-41);
(-17,-41);
(89,-73);
(146,-73);
(89,-16);
(146,-16);
(-92,-11);
(-61,-11);
(-92,20);
(-61,20);
(-11,118);
(77,118);
(-11,206);
(77,206);
(98,23);
(190,23);
(98,115);
(190,115);
(-21,88);
(16,88);
(-21,125);
(16,125);
(-89,0);
(-11,0);
(-89,78);
(-11,78);
(-30,-118);
(36,-118);
(-30,-52);
(36,-52);
(-106,-100);
(-70,-100);
(-106,-64);
(-70,-64);
(-54,36);
(-22,36);
(-54,68);
(-22,68);
(-46,108);
(36,108);
(-46,190);
(36,190);
(-32,-23);
(27,-23);
(-32,36);
(27,36);
(-112,70);
(-65,70);
(-112,117);
(-65,117);
(16,-93);
(53,-93);
(16,-56);
(53,-56);
(97,43);
(191,43);
(97,137);
(191,137);
(4,-20);
(101,-20);
(4,77);
(101,77);
(-29,-127);
(59,-127);
(-29,-39);
(59,-39);
(42,-72);
(129,-72);
(42,15);
(129,15);
(-126,5);
(-96,5);
(-126,35);
(-96,35);
(96,-65);
(188,-65);
(96,27);
(188,27);
(96,86);
(171,86);
(96,161);
(171,161);
(-47,-5);
(-15,-5);
(-47,27);
(-15,27);
(29,-40);
(100,-40);
(29,31);
(100,31);
(-127,118);
(-31,118);
(-127,214);
(-31,214);
(-88,-93);
(-16,-93);
(-88,-21);
(-16,-21);
(80,109);
(109,109);
(80,138);
(109,138);
(-74,39);
(-6,39);
(-74,107);
(-6,107);
(77,-41);
(108,-41);
(77,-10);
(108,-10);
(-48,-86);
(30,-86);
(-48,-8);
(30,-8);
(-112,7);
(-47,7);
(-112,72);
(-47,72);
(101,-81);
(140,-81);
(101,-42);
(140,-42);
(-25,-126);
(12,-126);
(-25,-89);
(12,-89);
(-26,-80);
(72,-80);
(-26,18);
(72,18);
(50,124);
(81,124);
(50,155);
(81,155);
(21,-99);
(98,-99);
(21,-22);
(98,-22);
(-62,63);
(30,63);
(-62,155);
(30,155);
(42,102);
(102,102);
(42,162);
(102,162);
(107,-6);
(173,-6);
(107,60);
(173,60);
(49,84);
(91,84);
(49,126);
(91,126);
(4,85);
(102,85);
(4,183);
(102,183);
(116,-94);
(205,-94);
(116,-5);
(205,-5);
(64,33);
(123,33);
(64,92);
(123,92);
(93,9);
(167,9);
(93,83);
(167,83);
(-108,-16);
(-74,-16);
(-108,18);
(-74,18);
(-48,41);
(8,41);
(-48,97);
(8,97);
(59,-35);
(109,-35);
(59,15);
(109,15);
(45,54);
(96,54);
(45,105);
(96,105);
(117,52);
(207,52);
(117,142);
(207,142);
(12,-23);
(68,-23);
(12,33);
(68,33);
(-73,-114);
(-30,-114);
(-73,-71);
(-30,-71);
(84,-106);
(129,-106);
(84,-61);
(129,-61);
(38,112);
(107,112);
(38,181);
(107,181);
(-117,112);
(-50,112);
(-117,179);
(-50,179);
(-73,40);
(12,40);
(-73,125);
(12,125);
(3,-5);
(40,-5);
(3,32);
(40,32);
(-9,46);
(69,46);
(-9,124);
(69,124);
(-110,34);
(-42,34);
(-110,102);
(-42,102);
(33,105);
(131,105);
(33,203);
(131,203);
(102,67);
(188,67);
(102,153);
(188,153);
(20,0);
(92,0);
(20,72);
(92,72);
(-11,-87);
(53,-87);
(-11,-23);
(53,-23);
(-5,14);
(73,14);
(-5,92);
(73,92);
(127,35);
(180,35);
(127,88);
(180,88);
(-93,36);
(-51,36);
(-93,78);
(-51,78);
(-52,41);
(-14,41);
(-52,79);
(-14,79);
(-53,116);
(11,116);
(-53,180);
(11,180);
(121,-103);
(147,-103);
(121,-77);
(147,-77);
(68,-79);
(145,-79);
(68,-2);
(145,-2);
(-95,30);
(-44,30);
(-95,81);
(-44,81);
(-9,115);
(38,115);
(-9,162);
(38,162);
(1,33);
(29,33);
(1,61);
(29,61);
(46,80);
(124,80);
(46,158);
(124,158);
(62,-56);
(115,-56);
(62,-3);
(115,-3);
(-42,-106);
(7,-106);
(-42,-57);
(7,-57);
(29,52);
(54,52);
(29,77);
(54,77);
(26,-46);
(62,-46);
(26,-10);
(62,-10);
(20,-27);
(82,-27);
(20,35);
(82,35);
(2,-80);
(62,-80);
(2,-20);
(62,-20);
(61,66);
(93,66);
(61,98);
(93,98);
(73,-49);
(128,-49);
(73,6);
(128,6);
(11,-106);
(59,-106);
(11,-58);
(59,-58);
(1,34);
(68,34);
(1,101);
(68,101);
(108,45);
(175,45);
(108,112);
(175,112);
(-118,-118);
(-33,-118);
(-118,-33);
(-33,-33);
(14,39);
(54,39);
(14,79);
(54,79);
(67,86);
(143,86);
(67,162);
(143,162);
(-40,120);
(-5,120);
(-40,155);
(-5,155);
(0,-102);
(95,-102);
(0,-7);
(95,-7);
(-94,-108);
(-53,-108);
(-94,-67);
(-53,-67);
(61,-98);
(109,-98);
(61,-50);
(109,-50);
(105,21);
(166,21);
(105,82);
(166,82);
(-6,12);
(42,12);
(-6,60);
(42,60);
(-39,109);
(34,109);
(-39,182);
(34,182);
(-102,6);
(-32,6);
(-102,76);
(-32,76);
(0,-100);
(78,-100);
(0,-22);
(78,-22);
(-39,-7);
(19,-7);
(-39,51);
(19,51);
(76,-9);
(110,-9);
(76,25);
(110,25);
(-101,-116);
(-15,-116);
(-101,-30);
(-15,-30);
(-28,-53);
(23,-53);
(-28,-2);
(23,-2);
(53,120);
(138,120);
(53,205);
(138,205);
(-78,41);
(16,41);
(-78,135);
(16,135);
(82,-37);
(166,-37);
(82,47);
(166,47);
(114,89);
(158,89);
(114,133);
(158,133);
(14,-120);
(48,-120);
(14,-86);
(48,-86);
(89,26);
(129,26);
(89,66);
(129,66);
(-71,101);
(0,101);
(-71,172);
(0,172);
(-124,-70);
(-49,-70);
(-124,5);
(-49,5);
(81,-71);
(114,-71);
(81,-38);
(114,-38);
(81,-127);
(159,-127);
(81,-49);
(159,-49);
(70,-8);
(155,-8);
(70,77);
(155,77);
(110,-32);
(159,-32);
(110,17);
(159,17);
(-91,55);
(-43,55);
(-91,103);
(-43,103);
(81,-62);
(111,-62);
(81,-32);
(111,-32);
(35,-119);
(109,-119);
(35,-45);
(109,-45);
(50,-86);
(114,-86);
(50,-22);
(114,-22);
(-56,27);
(-30,27);
(-56,53);
(-30,53);
(58,91);
(154,91);
(58,187);
(154,187);
(-125,-121);
(-78,-121);
(-125,-74);
(-78,-74);
(-70,-6);
(-24,-6);
(-70,40);
(-24,40);
(81,115);
(107,115);
(81,141);
(107,141);
(89,-5);
(119,-5);
(89,25);
(119,25);
(71,68);
(111,68);
(71,108);
(111,108);
(-89,38);
(-40,38);
(-89,87);
(-40,87);
(64,12);
(97,12);
(64,45);
(97,45);
(37,30);
(121,30);
(37,114);
(121,114);
(-115,-39);
(-49,-39);
(-115,27);
(-49,27);
(-79,-56);
(-46,-56);
(-79,-23);
(-46,-23);
(22,107);
(53,107);
(22,138);
(53,138);
(-76,-94);
(6,-94);
(-76,-12);
(6,-12);
(20,10);
(62,10);
(20,52);
(62,52);
(0,-116);
(75,-116);
(0,-41);
(75,-41);
(-12,-21);
(32,-21);
(-12,23);
(32,23);
(-108,-8);
(-35,-8);
(-108,65);
(-35,65);
(-127,26);
(-77,26);
(-127,76);
(-77,76);
(113,121);
(138,121);
(113,146);
(138,146);
(89,-124);
(149,-124);
(89,-64);
(149,-64);
(49,-67);
(111,-67);
(49,-5);
(111,-5);
(-97,-80);
(-48,-80);
(-97,-31);
(-48,-31);
(-85,-4);
(-7,-4);
(-85,74);
(-7,74);
(121,-43);
(169,-43);
(121,5);
(169,5);
(-54,97);
(-19,97);
(-54,132);
(-19,132);
(123,113);
(153,113);
(123,143);
(153,143);
(-63,35);
(-31,35);
(-63,67);
(-31,67);
(-9,47);
(44,47);
(-9,100);
(44,100);
(98,-121);
(186,-121);
(98,-33);
(186,-33);
(18,-12);
(61,-12);
(18,31);
(61,31);
(-25,-47);
(69,-47);
(-25,47);
(69,47);
(-110,-110);
(-67,-110);
(-110,-67);
(-67,-67);
(-29,89);
(40,89);
(-29,158);
(40,158);
(-74,25);
(14,25);
(-74,113);
(14,113);
(99,94);
(183,94);
(99,178);
(183,178);
(-88,87);
(-28,87);
(-88,147);
(-28,147);
(-108,11);
(-44,11);
(-108,75);
(-44,75);
(-50,24);
(48,24);
(-50,122);
(48,122);
(-99,-110);
(-70,-110);
(-99,-81);
(-70,-81);
(-22,-62);
(68,-62);
(-22,28);
(68,28);
(-17,14);
(27,14);
(-17,58);
(27,58);
(91,25);
(134,25);
(91,68);
(134,68);
(63,-50);
(148,-50);
(63,35);
(148,35);
(-99,-77);
(-62,-77);
(-99,-40);
(-62,-40);
(14,-103);
(42,-103);
(14,-75);
(42,-75);
(91,95);
(164,95);
(91,168);
(164,168);
(-109,-86);
(-49,-86);
(-109,-26);
(-49,-26);
(65,78);
(145,78);
(65,158);
(145,158);
(77,-109);
(120,-109);
(77,-66);
(120,-66);
(-47,-89);
(23,-89);
(-47,-19);
(23,-19);
(80,47);
(136,47);
(80,103);
(136,103);
(-124,63);
(-42,63);
(-124,145);
(-42,145);
(-33,-81);
(39,-81);
(-33,-9);
(39,-9);
(66,-117);
(119,-117);
(66,-64);
(119,-64);
(-88,-79);
(-29,-79);
(-88,-20);
(-29,-20);
