(-35,74);
(24,74);
(-35,133);
(24,133);
(20,-15);
(113,-15);
(20,78);
(113,78);
(9,-22);
(61,-22);
(9,30);
(61,30);
(104,-79);
(188,-79);
(104,5);
(188,5);
(0,47);
(34,47);
(0,81);
(34,81);
(36,-24);
(78,-24);
(36,18);
(78,18);
(99,-16);
(195,-16);
(99,80);
(195,80);
(-17,119);
(69,119);
(-17,205);
(69,205);
(-58,-71);
(31,-71);
(-58,18);
(31,18);
(36,-86);
(110,-86);
(36,-12);
(110,-12);
(55,-61);
(144,-61);
(55,28);
(144,28);
(17,68);
(52,68);
(17,103);
(52,103);
(90,-20);
(156,-20);
(90,46);
(156,46);
(0,21);
(33,21);
(0,54);
(33,54);
(-126,-116);
(-42,-116);
(-126,-32);
(-42,-32);
(-62,-46);
(8,-46);
(-62,24);
(8,24);
(-42,71);
(41,71);
(-42,154);
(41,154);
(48,-97);
(90,-97);
(48,-55);
(90,-55);
(-22,37);
(15,37);
(-22,74);
(15,74);
(63,57);
(139,57);
(63,133);
(139,133);
(-56,-101);
(-13,-101);
(-56,-58);
(-13,-58);
(-60,-3);
(13,-3);
(-60,70);
(13,70);
(-65,-106);
(3,-106);
(-65,-38);
(3,-38);
(37,-39);
(91,-39);
(37,15);
(91,15);
(-126,106);
(-75,106);
(-126,157);
(-75,157);
(25,-19);
(54,-19);
(25,10);
(54,10);
(-110,-109);
(-72,-109);
(-110,-71);
(-72,-71);
(-40,-54);
(-13,-54);
(-40,-27);
(-13,-27);
(-112,5);
(-16,5);
(-112,101);
(-16,101);
(-15,-29);
(55,-29);
(-15,41);
(55,41);
(19,77);
(49,77);
(19,107);
(49,107);
(94,54);
(177,54);
(94,137);
(177,137);
(30,-106);
(123,-106);
(30,-13);
(123,-13);
(10,-10);
(64,-10);
(10,44);
(64,44);
(73,56);
(168,56);
(73,151);
(168,151);
(41,3);
(135,3);
(41,97);
(135,97);
(-63,70);
(7,70);
(-63,140);
(7,140);
(31,-18);
(112,-18);
(31,63);
(112,63);
(-86,4);
(7,4);
(-86,97);
(7,97);
(-97,-19);
(1,-19);
(-97,79);
(1,79);
(84,-27);
(175,-27);
(84,64);
(175,64);
(85,-64);
(120,-64);
(85,-29);
(120,-29);
(74,-121);
(159,-121);
(74,-36);
(159,-36);
(0,-71);
(57,-71);
(0,-14);
(57,-14);
(112,-3);
(185,-3);
(112,70);
(185,70);
(-18,87);
(22,87);
(-18,127);
(22,127);
(-93,-61);
(-9,-61);
(-93,23);
(-9,23);
(-100,-114);
(-65,-114);
(-100,-79);
(-65,-79);
(47,-29);
(113,-29);
(47,37);
(113,37);
(114,0);
(203,0);
(114,89);
(203,89);
(9,-40);
(74,-40);
(9,25);
(74,25);
(-68,6);
(-12,6);
(-68,62);
(-12,62);
(-94,-87);
(-65,-87);
(-94,-58);
(-65,-58);
(8,69);
(34,69);
(8,95);
(34,95);
(-124,-3);
(-87,-3);
(-124,34);
(-87,34);
(71,27);
(149,27);
(71,105);
(149,105);
(-41,112);
(6,112);
(-41,159);
(6,159);
(35,-76);
(119,-76);
(35,8);
(119,8);
(-13,70);
(67,70);
(-13,150);
(67,150);
(-92,127);
(2,127);
(-92,221);
(2,221);
(-62,29);
(32,29);
(-62,123);
(32,123);
(96,50);
(179,50);
(96,133);
(179,133);
(68,122);
(147,122);
(68,201);
(147,201);
(-87,126);
(-56,126);
(-87,157);
(-56,157);
(-36,-50);
(29,-50);
(-36,15);
(29,15);
(-84,108);
(-47,108);
(-84,145);
(-47,145);
(-62,-105);
(-23,-105);
(-62,-66);
(-23,-66);
(73,-5);
(162,-5);
(73,84);
(162,84);
(-45,30);
(33,30);
(-45,108);
(33,108);
(119,11);
(177,11);
(119,69);
(177,69);
(-8,81);
(40,81);
(-8,129);
(40,129);
(-52,-92);
(-12,-92);
(-52,-52);
(-12,-52);
(45,-70);
(92,-70);
(45,-23);
(92,-23);
(53,45);
(110,45);
(53,102);
(110,102);
(127,71);
(195,71);
(127,139);
(195,139);
(13,-6);
(94,-6);
(13,75);
(94,75);
(40,14);
(70,14);
(40,44);
(70,44);
(-49,-36);
(-9,-36);
(-49,4);
(-9,4);
(18,7);
(90,7);
(18,79);
(90,79);
(-33,54);
(24,54);
(-33,111);
(24,111);
(-80,-60);
(-32,-60);
(-80,-12);
(-32,-12);
(76,-17);
(162,-17);
(76,69);
(162,69);
(29,-61);
(127,-61);
(29,37);
(127,37);
(-53,-72);
(16,-72);
(-53,-3);
(16,-3);
(-49,-49);
(3,-49);
(-49,3);
(3,3);
(116,34);
(178,34);
(116,96);
(178,96);
(95,-50);
(154,-50);
(95,9);
(154,9);
(104,-4);
(160,-4);
(104,52);
(160,52);
(103,-85);
(193,-85);
(103,5);
(193,5);
(-127,-60);
(-36,-60);
(-127,31);
(-36,31);
(-80,-85);
(13,-85);
(-80,8);
(13,8);
(-104,-47);
(-19,-47);
(-104,38);
(-19,38);
(-115,-81);
(-37,-81);
(-115,-3);
(-37,-3);
(-71,-59);
(-30,-59);
(-71,-18);
(-30,-18);
(-126,-30);
(-58,-30);
(-126,38);
(-58,38);
(-97,-53);
(-53,-53);
(-97,-9);
(-53,-9);
(84,-25);
(124,-25);
(84,15);
(124,15);
(33,-102);
(73,-102);
(33,-62);
(73,-62);
(68,72);
(99,72);
(68,103);
(99,103);
(-75,-110);
(-18,-110);
(-75,-53);
(-18,-53);
(-123,-120);
(-39,-120);
(-123,-36);
(-39,-36);
(-10,-92);
(86,-92);
(-10,4);
(86,4);
(37,12);
(80,12);
(37,55);
(80,55);
(-37,45);
(30,45);
(-37,112);
(30,112);
(-33,80);
(35,80);
(-33,148);
(35,148);
(32,-97);
(76,-97);
(32,-53);
(76,-53);
(101,29);
(175,29);
(101,103);
(175,103);
(-116,-34);
(-64,-34);
(-116,18);
(-64,18);
(121,-12);
(156,-12);
(121,23);
(156,23);
(127,-53);
(178,-53);
(127,-2);
(178,-2);
(-57,67);
(-7,67);
(-57,117);
(-7,117);
(50,-106);
(139,-106);
(50,-17);
(139,-17);
(-18,-25);
(73,-25);
(-18,66);
(73,66);
(11,66);
(63,66);
(11,118);
(63,118);
(46,-112);
(90,-112);
(46,-68);
(90,-68);
(-33,-67);
(40,-67);
(-33,6);
(40,6);
(-76,-95);
(-37,-95);
(-76,-56);
(-37,-56);
(-71,70);
(10,70);
(-71,151);
(10,151);
(31,97);
(68,97);
(31,134);
(68,134);
(49,59);
(146,59);
(49,156);
(146,156);
(-105,-74);
(-6,-74);
(-105,25);
(-6,25);
(50,-37);
(136,-37);
(50,49);
(136,49);
(11,-69);
(73,-69);
(11,-7);
(73,-7);
