(50,-101);
(117,-101);
(50,-34);
(117,-34);
(-91,-102);
(-3,-102);
(-91,-14);
(-3,-14);
(-118,61);
(-48,61);
(-118,131);
(-48,131);
(-33,31);
(54,31);
(-33,118);
(54,118);
(-119,-87);
(-58,-87);
(-119,-26);
(-58,-26);
(-44,119);
(-13,119);
(-44,150);
(-13,150);
(10,-17);
(67,-17);
(10,40);
(67,40);
(35,-48);
(74,-48);
(35,-9);
(74,-9);
(120,32);
(174,32);
(120,86);
(174,86);
(-80,-94);
(-53,-94);
(-80,-67);
(-53,-67);
(15,-15);
(70,-15);
(15,40);
(70,40);
(-88,119);
(-2,119);
(-88,205);
(-2,205);
(38,42);
(107,42);
(38,111);
(107,111);
(111,124);
(195,124);
(111,208);
(195,208);
(-42,91);
(3,91);
(-42,136);
(3,136);
(-76,107);
(-3,107);
(-76,180);
(-3,180);
(-80,95);
(-53,95);
(-80,122);
(-53,122);
(-122,70);
(-64,70);
(-122,128);
(-64,128);
(63,-93);
(150,-93);
(63,-6);
(150,-6);
(-38,97);
(47,97);
(-38,182);
(47,182);
(68,-50);
(99,-50);
(68,-19);
(99,-19);
(-83,-58);
(-36,-58);
(-83,-11);
(-36,-11);
(96,-2);
(157,-2);
(96,59);
(157,59);
(-101,23);
(-70,23);
(-101,54);
(-70,54);
(-83,-40);
(-9,-40);
(-83,34);
(-9,34);
(-9,23);
(63,23);
(-9,95);
(63,95);
(30,33);
(73,33);
(30,76);
(73,76);
(-69,97);
(-11,97);
(-69,155);
(-11,155);
(83,101);
(125,101);
(83,143);
(125,143);
(58,105);
(104,105);
(58,151);
(104,151);
(113,-8);
(170,-8);
(113,49);
(170,49);
(-48,57);
(33,57);
(-48,138);
(33,138);
(-103,-21);
(-77,-21);
(-103,5);
(-77,5);
(-38,76);
(59,76);
(-38,173);
(59,173);
(-124,-18);
(-68,-18);
(-124,38);
(-68,38);
(17,69);
(90,69);
(17,142);
(90,142);
(85,12);
(176,12);
(85,103);
(176,103);
(110,35);
(170,35);
(110,95);
(170,95);
(-92,-101);
(-34,-101);
(-92,-43);
(-34,-43);
(90,-29);
(174,-29);
(90,55);
(174,55);
(-87,120);
(-37,120);
(-87,170);
(-37,170);
(78,-89);
(174,-89);
(78,7);
(174,7);
(-36,-51);
(44,-51);
(-36,29);
(44,29);
(-127,113);
(-32,113);
(-127,208);
(-32,208);
(84,124);
(114,124);
(84,154);
(114,154);
(11,-59);
(50,-59);
(11,-20);
(50,-20);
(-113,-90);
(-45,-90);
(-113,-22);
(-45,-22);
(17,-125);
(54,-125);
(17,-88);
(54,-88);
(60,-101);
(136,-101);
(60,-25);
(136,-25);
(12,50);
(98,50);
(12,136);
(98,136);
(59,28);
(100,28);
(59,69);
(100,69);
(-122,-88);
(-70,-88);
(-122,-36);
(-70,-36);
(75,-116);
(170,-116);
(75,-21);
(170,-21);
(-95,-96);
(-34,-96);
(-95,-35);
(-34,-35);
(60,-81);
(89,-81);
(60,-52);
(89,-52);
(122,18);
(168,18);
(122,64);
(168,64);
(-20,-30);
(29,-30);
(-20,19);
(29,19);
