(-35,-93);
(17,-93);
(-35,-41);
(17,-41);
(-99,78);
(-24,78);
(-99,153);
(-24,153);
(-39,23);
(12,23);
(-39,74);
(12,74);
(-55,-77);
(29,-77);
(-55,7);
(29,7);
(-90,45);
(-7,45);
(-90,128);
(-7,128);
(21,68);
(54,68);
(21,101);
(54,101);
(71,-127);
(115,-127);
(71,-83);
(115,-83);
(-3,-115);
(51,-115);
(-3,-61);
(51,-61);
(-30,11);
(37,11);
(-30,78);
(37,78);
(34,13);
(89,13);
(34,68);
(89,68);
(9,120);
(35,120);
(9,146);
(35,146);
(127,47);
(169,47);
(127,89);
(169,89);
(58,21);
(103,21);
(58,66);
(103,66);
(115,34);
(145,34);
(115,64);
(145,64);
(80,-54);
(153,-54);
(80,19);
(153,19);
(-69,-92);
(-42,-92);
(-69,-65);
(-42,-65);
(-109,-24);
(-33,-24);
(-109,52);
(-33,52);
(75,96);
(104,96);
(75,125);
(104,125);
(45,18);
(98,18);
(45,71);
(98,71);
