(-42,94);
(56,94);
(-42,192);
(56,192);
(122,-122);
(159,-122);
(122,-85);
(159,-85);
(-34,-105);
(53,-105);
(-34,-18);
(53,-18);
(33,-29);
(91,-29);
(33,29);
(91,29);
(-11,95);
(63,95);
(-11,169);
(63,169);
(-19,6);
(23,6);
(-19,48);
(23,48);
(-106,-79);
(-34,-79);
(-106,-7);
(-34,-7);
(-68,9);
(-37,9);
(-68,40);
(-37,40);
(-82,73);
(-17,73);
(-82,138);
(-17,138);
(-25,-38);
(59,-38);
(-25,46);
(59,46);
(-12,-44);
(28,-44);
(-12,-4);
(28,-4);
(19,-30);
(108,-30);
(19,59);
(108,59);
(-69,70);
(-5,70);
(-69,134);
(-5,134);
(0,-53);
(37,-53);
(0,-16);
(37,-16);
(111,-28);
(165,-28);
(111,26);
(165,26);
(-126,32);
(-38,32);
(-126,120);
(-38,120);
(-92,-63);
(-2,-63);
(-92,27);
(-2,27);
(107,-56);
(172,-56);
(107,9);
(172,9);
(25,92);
(73,92);
(25,140);
(73,140);
(-127,114);
(-88,114);
(-127,153);
(-88,153);
(6,97);
(73,97);
(6,164);
(73,164);
(-56,-61);
(-21,-61);
(-56,-26);
(-21,-26);
(115,-116);
(144,-116);
(115,-87);
(144,-87);
(83,-27);
(162,-27);
(83,52);
(162,52);
(-32,20);
(43,20);
(-32,95);
(43,95);
(-28,-55);
(66,-55);
(-28,39);
(66,39);
(-55,122);
(-10,122);
(-55,167);
(-10,167);
(62,-103);
(143,-103);
(62,-22);
(143,-22);
(-47,30);
(13,30);
(-47,90);
(13,90);
(77,-83);
(134,-83);
(77,-26);
(134,-26);
(27,-7);
(87,-7);
(27,53);
(87,53);
(102,-112);
(164,-112);
(102,-50);
(164,-50);
(-47,-30);
(11,-30);
(-47,28);
(11,28);
(7,80);
(85,80);
(7,158);
(85,158);
(124,-123);
(197,-123);
(124,-50);
(197,-50);
(-21,-80);
(77,-80);
(-21,18);
(77,18);
(72,106);
(103,106);
(72,137);
(103,137);
(53,4);
(96,4);
(53,47);
(96,47);
(-20,125);
(8,125);
(-20,153);
(8,153);
(87,-51);
(165,-51);
(87,27);
(165,27);
(18,89);
(79,89);
(18,150);
(79,150);
(25,-29);
(93,-29);
(25,39);
(93,39);
(-119,113);
(-42,113);
(-119,190);
(-42,190);
(13,-28);
(110,-28);
(13,69);
(110,69);
(73,70);
(142,70);
(73,139);
(142,139);
(60,-77);
(133,-77);
(60,-4);
(133,-4);
(79,-42);
(148,-42);
(79,27);
(148,27);
(-94,66);
(-63,66);
(-94,97);
(-63,97);
(117,47);
(161,47);
(117,91);
(161,91);
(31,72);
(92,72);
(31,133);
(92,133);
(3,16);
(93,16);
(3,106);
(93,106);
(-21,-44);
(48,-44);
(-21,25);
(48,25);
(-12,10);
(77,10);
(-12,99);
(77,99);
(63,-53);
(109,-53);
(63,-7);
(109,-7);
(-100,35);
(-51,35);
(-100,84);
(-51,84);
(-69,71);
(-12,71);
(-69,128);
(-12,128);
(40,33);
(116,33);
(40,109);
(116,109);
(-49,-20);
(25,-20);
(-49,54);
(25,54);
(-43,-43);
(-1,-43);
(-43,-1);
(-1,-1);
(-20,81);
(25,81);
(-20,126);
(25,126);
(99,55);
(185,55);
(99,141);
(185,141);
(-8,119);
(70,119);
(-8,197);
(70,197);
(40,-100);
(134,-100);
(40,-6);
(134,-6);
(-47,-80);
(-8,-80);
(-47,-41);
(-8,-41);
(-4,37);
(73,37);
(-4,114);
(73,114);
(6,74);
(46,74);
(6,114);
(46,114);
(-25,77);
(13,77);
(-25,115);
(13,115);
(-87,61);
(-33,61);
(-87,115);
(-33,115);
(-119,-6);
(-88,-6);
(-119,25);
(-88,25);
(72,2);
(112,2);
(72,42);
(112,42);
(-104,-67);
(-23,-67);
(-104,14);
(-23,14);
(34,-70);
(111,-70);
(34,7);
(111,7);
(-55,52);
(29,52);
(-55,136);
(29,136);
(-4,-111);
(46,-111);
(-4,-61);
(46,-61);
(117,56);
(157,56);
(117,96);
(157,96);
(-106,-120);
(-64,-120);
(-106,-78);
(-64,-78);
(24,63);
(92,63);
(24,131);
(92,131);
(51,-9);
(106,-9);
(51,46);
(106,46);
(41,62);
(82,62);
(41,103);
(82,103);
(-4,29);
(93,29);
(-4,126);
(93,126);
(-4,-78);
(84,-78);
(-4,10);
(84,10);
(-12,76);
(30,76);
(-12,118);
(30,118);
(123,52);
(205,52);
(123,134);
(205,134);
(75,79);
(152,79);
(75,156);
(152,156);
(-81,118);
(-27,118);
(-81,172);
(-27,172);
(109,107);
(168,107);
(109,166);
(168,166);
(69,-117);
(107,-117);
(69,-79);
(107,-79);
