(63,-120);
(112,-120);
(63,-71);
(112,-71);
(-41,-74);
(26,-74);
(-41,-7);
(26,-7);
(116,59);
(149,59);
(116,92);
(149,92);
(61,-51);
(125,-51);
(61,13);
(125,13);
(122,-74);
(167,-74);
(122,-29);
(167,-29);
(82,-11);
(157,-11);
(82,64);
(157,64);
(-47,-87);
(41,-87);
(-47,1);
(41,1);
(114,-53);
(171,-53);
(114,4);
(171,4);
(-5,-17);
(41,-17);
(-5,29);
(41,29);
(-95,-80);
(-39,-80);
(-95,-24);
(-39,-24);
(57,34);
(109,34);
(57,86);
(109,86);
(-33,31);
(-8,31);
(-33,56);
(-8,56);
(117,48);
(183,48);
(117,114);
(183,114);
