(-35,-113);
(30,-113);
(-35,-48);
(30,-48);
(-95,7);
(-35,7);
(-95,67);
(-35,67);
(69,-63);
(162,-63);
(69,30);
(162,30);
(-7,-94);
(79,-94);
(-7,-8);
(79,-8);
(-56,-63);
(39,-63);
(-56,32);
(39,32);
(5,-116);
(70,-116);
(5,-51);
(70,-51);
(29,68);
(90,68);
(29,129);
(90,129);
(18,108);
(87,108);
(18,177);
(87,177);
(-110,27);
(-62,27);
(-110,75);
(-62,75);
(-82,-95);
(-2,-95);
(-82,-15);
(-2,-15);
(104,37);
(158,37);
(104,91);
(158,91);
(69,77);
(140,77);
(69,148);
(140,148);
(43,88);
(95,88);
(43,140);
(95,140);
(-106,-62);
(-20,-62);
(-106,24);
(-20,24);
(-67,124);
(-22,124);
(-67,169);
(-22,169);
(112,-5);
(161,-5);
(112,44);
(161,44);
(9,60);
(100,60);
(9,151);
(100,151);
(125,-74);
(215,-74);
(125,16);
(215,16);
(47,-95);
(126,-95);
(47,-16);
(126,-16);
(68,56);
(119,56);
(68,107);
(119,107);
(-27,50);
(25,50);
(-27,102);
(25,102);
(14,-125);
(57,-125);
(14,-82);
(57,-82);
(-83,20);
(-58,20);
(-83,45);
(-58,45);
(77,36);
(146,36);
(77,105);
(146,105);
(-11,117);
(87,117);
(-11,215);
(87,215);
(-34,-53);
(31,-53);
(-34,12);
(31,12);
(-53,-41);
(-2,-41);
(-53,10);
(-2,10);
(-103,-89);
(-31,-89);
(-103,-17);
(-31,-17);
(-23,15);
(63,15);
(-23,101);
(63,101);
(98,54);
(193,54);
(98,149);
(193,149);
(-88,-81);
(-26,-81);
(-88,-19);
(-26,-19);
(68,26);
(151,26);
(68,109);
(151,109);
(68,-100);
(98,-100);
(68,-70);
(98,-70);
(-124,73);
(-33,73);
(-124,164);
(-33,164);
(-69,-99);
(12,-99);
(-69,-18);
(12,-18);
(-26,-123);
(13,-123);
(-26,-84);
(13,-84);
(101,30);
(193,30);
(101,122);
(193,122);
(-65,49);
(-16,49);
(-65,98);
(-16,98);
(26,-27);
(66,-27);
(26,13);
(66,13);
(3,119);
(40,119);
(3,156);
(40,156);
(-27,-64);
(39,-64);
(-27,2);
(39,2);
(-103,-30);
(-52,-30);
(-103,21);
(-52,21);
(38,-11);
(99,-11);
(38,50);
(99,50);
(-100,-14);
(-51,-14);
(-100,35);
(-51,35);
(-121,-56);
(-36,-56);
(-121,29);
(-36,29);
(98,42);
(184,42);
(98,128);
(184,128);
(19,-105);
(76,-105);
(19,-48);
(76,-48);
(-20,87);
(52,87);
(-20,159);
(52,159);
(-125,-61);
(-29,-61);
(-125,35);
(-29,35);
(-26,4);
(17,4);
(-26,47);
(17,47);
(82,-87);
(139,-87);
(82,-30);
(139,-30);
(110,-28);
(205,-28);
(110,67);
(205,67);
(73,6);
(141,6);
(73,74);
(141,74);
(33,-57);
(70,-57);
(33,-20);
(70,-20);
(67,-41);
(130,-41);
(67,22);
(130,22);
(87,-113);
(116,-113);
(87,-84);
(116,-84);
(-125,-113);
(-72,-113);
(-125,-60);
(-72,-60);
(-98,-122);
(-12,-122);
(-98,-36);
(-12,-36);
(55,-122);
(84,-122);
(55,-93);
(84,-93);
(105,-16);
(142,-16);
(105,21);
(142,21);
(-120,115);
(-88,115);
(-120,147);
(-88,147);
(120,72);
(176,72);
(120,128);
(176,128);
(41,113);
(82,113);
(41,154);
(82,154);
(126,-3);
(170,-3);
(126,41);
(170,41);
(7,-30);
(35,-30);
(7,-2);
(35,-2);
(-58,90);
(-28,90);
(-58,120);
(-28,120);
(57,50);
(146,50);
(57,139);
(146,139);
(-98,49);
(-20,49);
(-98,127);
(-20,127);
(14,-30);
(48,-30);
(14,4);
(48,4);
(76,95);
(133,95);
(76,152);
(133,152);
(84,28);
(125,28);
(84,69);
(125,69);
(-13,10);
(57,10);
(-13,80);
(57,80);
(42,-57);
(134,-57);
(42,35);
(134,35);
(71,119);
(105,119);
(71,153);
(105,153);
(1,-76);
(94,-76);
(1,17);
(94,17);
(122,82);
(203,82);
(122,163);
(203,163);
(-28,-90);
(40,-90);
(-28,-22);
(40,-22);
(64,22);
(99,22);
(64,57);
(99,57);
(-46,59);
(33,59);
(-46,138);
(33,138);
(-54,58);
(-8,58);
(-54,104);
(-8,104);
(66,-92);
(124,-92);
(66,-34);
(124,-34);
(-108,-45);
(-66,-45);
(-108,-3);
(-66,-3);
(110,124);
(179,124);
(110,193);
(179,193);
(-68,-80);
(-6,-80);
(-68,-18);
(-6,-18);
(-99,118);
(-15,118);
(-99,202);
(-15,202);
(-71,-28);
(-20,-28);
(-71,23);
(-20,23);
(-83,83);
(-38,83);
(-83,128);
(-38,128);
(93,-26);
(125,-26);
(93,6);
(125,6);
(86,-14);
(155,-14);
(86,55);
(155,55);
(-13,126);
(42,126);
(-13,181);
(42,181);
(-78,49);
(-30,49);
(-78,97);
(-30,97);
(0,-97);
(47,-97);
(0,-50);
(47,-50);
(-27,-13);
(3,-13);
(-27,17);
(3,17);
(108,-41);
(146,-41);
(108,-3);
(146,-3);
(-104,15);
(-42,15);
(-104,77);
(-42,77);
(-81,12);
(18,12);
(-81,111);
(18,111);
(-81,-116);
(-4,-116);
(-81,-39);
(-4,-39);
(109,-20);
(187,-20);
(109,58);
(187,58);
(-123,0);
(-58,0);
(-123,65);
(-58,65);
(-5,-36);
(58,-36);
(-5,27);
(58,27);
(26,-63);
(68,-63);
(26,-21);
(68,-21);
(-87,-23);
(-52,-23);
(-87,12);
(-52,12);
(-72,-19);
(-29,-19);
(-72,24);
(-29,24);
(101,82);
(137,82);
(101,118);
(137,118);
(124,-89);
(205,-89);
(124,-8);
(205,-8);
(88,69);
(122,69);
(88,103);
(122,103);
(125,-103);
(210,-103);
(125,-18);
(210,-18);
(70,7);
(162,7);
(70,99);
(162,99);
(12,82);
(58,82);
(12,128);
(58,128);
(36,104);
(126,104);
(36,194);
(126,194);
(-123,-122);
(-55,-122);
(-123,-54);
(-55,-54);
(124,19);
(201,19);
(124,96);
(201,96);
(-76,91);
(-4,91);
(-76,163);
(-4,163);
(127,-10);
(155,-10);
(127,18);
(155,18);
(-118,-52);
(-27,-52);
(-118,39);
(-27,39);
(-39,85);
(32,85);
(-39,156);
(32,156);
(-39,76);
(14,76);
(-39,129);
(14,129);
(-125,-112);
(-71,-112);
(-125,-58);
(-71,-58);
(-42,-127);
(-7,-127);
(-42,-92);
(-7,-92);
(122,-100);
(155,-100);
(122,-67);
(155,-67);
(-17,-26);
(45,-26);
(-17,36);
(45,36);
(-15,61);
(43,61);
(-15,119);
(43,119);
(-126,-57);
(-92,-57);
(-126,-23);
(-92,-23);
(20,79);
(118,79);
(20,177);
(118,177);
(-17,-126);
(54,-126);
(-17,-55);
(54,-55);
(102,41);
(136,41);
(102,75);
(136,75);
(3,22);
(59,22);
(3,78);
(59,78);
(89,124);
(123,124);
(89,158);
(123,158);
(-121,108);
(-74,108);
(-121,155);
(-74,155);
(101,-8);
(172,-8);
(101,63);
(172,63);
(-28,-24);
(63,-24);
(-28,67);
(63,67);
(124,-65);
(198,-65);
(124,9);
(198,9);
(41,-100);
(90,-100);
(41,-51);
(90,-51);
(53,103);
(108,103);
(53,158);
(108,158);
(52,61);
(100,61);
(52,109);
(100,109);
(12,5);
(67,5);
(12,60);
(67,60);
(-68,124);
(-5,124);
(-68,187);
(-5,187);
(81,120);
(150,120);
(81,189);
(150,189);
(-90,64);
(-61,64);
(-90,93);
(-61,93);
(10,-82);
(83,-82);
(10,-9);
(83,-9);
(19,91);
(50,91);
(19,122);
(50,122);
(105,-48);
(184,-48);
(105,31);
(184,31);
(-64,118);
(14,118);
(-64,196);
(14,196);
(-100,-37);
(-19,-37);
(-100,44);
(-19,44);
(8,20);
(93,20);
(8,105);
(93,105);
(-118,-116);
(-86,-116);
(-118,-84);
(-86,-84);
(49,-81);
(133,-81);
(49,3);
(133,3);
(26,-105);
(112,-105);
(26,-19);
(112,-19);
(67,126);
(107,126);
(67,166);
(107,166);
(-107,74);
(-40,74);
(-107,141);
(-40,141);
(-75,58);
(-28,58);
(-75,105);
(-28,105);
(-16,-85);
(79,-85);
(-16,10);
(79,10);
(-113,94);
(-87,94);
(-113,120);
(-87,120);
(-110,-111);
(-67,-111);
(-110,-68);
(-67,-68);
(119,-108);
(165,-108);
(119,-62);
(165,-62);
(5,-90);
(34,-90);
(5,-61);
(34,-61);
(-38,63);
(-3,63);
(-38,98);
(-3,98);
(-9,80);
(76,80);
(-9,165);
(76,165);
(-123,-3);
(-73,-3);
(-123,47);
(-73,47);
(44,8);
(85,8);
(44,49);
(85,49);
(-89,0);
(-51,0);
(-89,38);
(-51,38);
(-124,-63);
(-41,-63);
(-124,20);
(-41,20);
(40,52);
(120,52);
(40,132);
(120,132);
(78,31);
(108,31);
(78,61);
(108,61);
(34,122);
(63,122);
(34,151);
(63,151);
(-68,63);
(16,63);
(-68,147);
(16,147);
(-57,-32);
(22,-32);
(-57,47);
(22,47);
(-68,96);
(-11,96);
(-68,153);
(-11,153);
(-112,13);
(-41,13);
(-112,84);
(-41,84);
(-93,-124);
(0,-124);
(-93,-31);
(0,-31);
(13,-78);
(63,-78);
(13,-28);
(63,-28);
(122,-19);
(206,-19);
(122,65);
(206,65);
(82,112);
(152,112);
(82,182);
(152,182);
(-45,-65);
(-13,-65);
(-45,-33);
(-13,-33);
(30,-5);
(65,-5);
(30,30);
(65,30);
(-24,13);
(52,13);
(-24,89);
(52,89);
(60,-100);
(106,-100);
(60,-54);
(106,-54);
(123,-6);
(218,-6);
(123,89);
(218,89);
(122,-92);
(189,-92);
(122,-25);
(189,-25);
(103,39);
(180,39);
(103,116);
(180,116);
(107,89);
(191,89);
(107,173);
(191,173);
(73,68);
(112,68);
(73,107);
(112,107);
(39,-108);
(124,-108);
(39,-23);
(124,-23);
(67,-11);
(101,-11);
(67,23);
(101,23);
(-72,-109);
(-26,-109);
(-72,-63);
(-26,-63);
(-23,84);
(31,84);
(-23,138);
(31,138);
(-37,72);
(8,72);
(-37,117);
(8,117);
(36,114);
(100,114);
(36,178);
(100,178);
(59,33);
(150,33);
(59,124);
(150,124);
(-16,105);
(58,105);
(-16,179);
(58,179);
(-122,-48);
(-75,-48);
(-122,-1);
(-75,-1);
(-82,-100);
(-1,-100);
(-82,-19);
(-1,-19);
(63,74);
(133,74);
(63,144);
(133,144);
(54,-112);
(125,-112);
(54,-41);
(125,-41);
(109,-101);
(175,-101);
(109,-35);
(175,-35);
(111,-115);
(142,-115);
(111,-84);
(142,-84);
(113,40);
(185,40);
(113,112);
(185,112);
(107,-56);
(172,-56);
(107,9);
(172,9);
(-94,34);
(-21,34);
(-94,107);
(-21,107);
(-46,90);
(-11,90);
(-46,125);
(-11,125);
(-15,113);
(14,113);
(-15,142);
(14,142);
(107,108);
(136,108);
(107,137);
(136,137);
(-116,116);
(-91,116);
(-116,141);
(-91,141);
(71,-29);
(104,-29);
(71,4);
(104,4);
(72,-75);
(110,-75);
(72,-37);
(110,-37);
(18,105);
(73,105);
(18,160);
(73,160);
(4,-18);
(51,-18);
(4,29);
(51,29);
(3,-108);
(46,-108);
(3,-65);
(46,-65);
(-84,18);
(8,18);
(-84,110);
(8,110);
(24,-115);
(110,-115);
(24,-29);
(110,-29);
(-17,-50);
(56,-50);
(-17,23);
(56,23);
(-102,76);
(-37,76);
(-102,141);
(-37,141);
(-74,95);
(-22,95);
(-74,147);
(-22,147);
(-28,-23);
(56,-23);
(-28,61);
(56,61);
(46,-95);
(85,-95);
(46,-56);
(85,-56);
(-73,41);
(9,41);
(-73,123);
(9,123);
(66,-18);
(113,-18);
(66,29);
(113,29);
(-106,-119);
(-61,-119);
(-106,-74);
(-61,-74);
(30,76);
(119,76);
(30,165);
(119,165);
(81,-52);
(180,-52);
(81,47);
(180,47);
(-62,11);
(1,11);
(-62,74);
(1,74);
(6,115);
(38,115);
(6,147);
(38,147);
(13,-9);
(75,-9);
(13,53);
(75,53);
(83,56);
(134,56);
(83,107);
(134,107);
(-53,-106);
(-25,-106);
(-53,-78);
(-25,-78);
(-35,48);
(44,48);
(-35,127);
(44,127);
(-27,108);
(43,108);
(-27,178);
(43,178);
(58,-26);
(101,-26);
(58,17);
(101,17);
(84,-83);
(173,-83);
(84,6);
(173,6);
(-122,-64);
(-40,-64);
(-122,18);
(-40,18);
(-115,90);
(-54,90);
(-115,151);
(-54,151);
(-108,15);
(-31,15);
(-108,92);
(-31,92);
(112,-11);
(140,-11);
(112,17);
(140,17);
(71,82);
(107,82);
(71,118);
(107,118);
(40,-11);
(76,-11);
(40,25);
(76,25);
(-25,-21);
(16,-21);
(-25,20);
(16,20);
(-50,95);
(-5,95);
(-50,140);
(-5,140);
(-64,94);
(-38,94);
(-64,120);
(-38,120);
(-14,-50);
(59,-50);
(-14,23);
(59,23);
(-19,-9);
(30,-9);
(-19,40);
(30,40);
(115,26);
(143,26);
(115,54);
(143,54);
(106,125);
(157,125);
(106,176);
(157,176);
(-76,-24);
(-25,-24);
(-76,27);
(-25,27);
(81,-96);
(154,-96);
(81,-23);
(154,-23);
(9,35);
(37,35);
(9,63);
(37,63);
(-87,99);
(-7,99);
(-87,179);
(-7,179);
(71,-98);
(138,-98);
(71,-31);
(138,-31);
(-106,77);
(-30,77);
(-106,153);
(-30,153);
(58,23);
(110,23);
(58,75);
(110,75);
(-34,42);
(36,42);
(-34,112);
(36,112);
(-10,41);
(80,41);
(-10,131);
(80,131);
(-91,-96);
(-2,-96);
(-91,-7);
(-2,-7);
(91,-111);
(184,-111);
(91,-18);
(184,-18);
(-86,80);
(0,80);
(-86,166);
(0,166);
(-123,-114);
(-42,-114);
(-123,-33);
(-42,-33);
(15,90);
(42,90);
(15,117);
(42,117);
(-43,-33);
(29,-33);
(-43,39);
(29,39);
(34,113);
(96,113);
(34,175);
(96,175);
(57,113);
(107,113);
(57,163);
(107,163);
(-77,-63);
(-25,-63);
(-77,-11);
(-25,-11);
(-30,-77);
(59,-77);
(-30,12);
(59,12);
(-115,117);
(-69,117);
(-115,163);
(-69,163);
(127,14);
(154,14);
(127,41);
(154,41);
(-90,50);
(-45,50);
(-90,95);
(-45,95);
(-90,11);
(0,11);
(-90,101);
(0,101);
(-81,-75);
(-35,-75);
(-81,-29);
(-35,-29);
(-79,36);
(-20,36);
(-79,95);
(-20,95);
(-102,-4);
(-61,-4);
(-102,37);
(-61,37);
(43,-117);
(78,-117);
(43,-82);
(78,-82);
(-15,9);
(36,9);
(-15,60);
(36,60);
(55,-57);
(143,-57);
(55,31);
(143,31);
(-36,99);
(18,99);
(-36,153);
(18,153);
(-106,6);
(-22,6);
(-106,90);
(-22,90);
(-32,109);
(1,109);
(-32,142);
(1,142);
(27,54);
(121,54);
(27,148);
(121,148);
(-63,-51);
(27,-51);
(-63,39);
(27,39);
(-116,-94);
(-39,-94);
(-116,-17);
(-39,-17);
(-46,43);
(47,43);
(-46,136);
(47,136);
(104,-33);
(152,-33);
(104,15);
(152,15);
(-126,-14);
(-36,-14);
(-126,76);
(-36,76);
(97,82);
(195,82);
(97,180);
(195,180);
(-16,-113);
(41,-113);
(-16,-56);
(41,-56);
(36,-34);
(101,-34);
(36,31);
(101,31);
(-48,62);
(40,62);
(-48,150);
(40,150);
(48,-120);
(143,-120);
(48,-25);
(143,-25);
(-40,0);
(-4,0);
(-40,36);
(-4,36);
(40,66);
(73,66);
(40,99);
(73,99);
(-110,41);
(-52,41);
(-110,99);
(-52,99);
(-120,-94);
(-33,-94);
(-120,-7);
(-33,-7);
(2,-62);
(87,-62);
(2,23);
(87,23);
(69,5);
(120,5);
(69,56);
(120,56);
(-82,9);
(-51,9);
(-82,40);
(-51,40);
(72,-3);
(168,-3);
(72,93);
(168,93);
(-29,-13);
(7,-13);
(-29,23);
(7,23);
(91,-86);
(181,-86);
(91,4);
(181,4);
(93,-52);
(152,-52);
(93,7);
(152,7);
(80,-91);
(152,-91);
(80,-19);
(152,-19);
(-79,-10);
(8,-10);
(-79,77);
(8,77);
(56,102);
(138,102);
(56,184);
(138,184);
(42,108);
(104,108);
(42,170);
(104,170);
(-2,37);
(52,37);
(-2,91);
(52,91);
(-115,-46);
(-51,-46);
(-115,18);
(-51,18);
(-87,-81);
(-2,-81);
(-87,4);
(-2,4);
(105,108);
(175,108);
(105,178);
(175,178);
(71,92);
(134,92);
(71,155);
(134,155);
(-7,17);
(69,17);
(-7,93);
(69,93);
(-6,-113);
(83,-113);
(-6,-24);
(83,-24);
(-97,82);
(-46,82);
(-97,133);
(-46,133);
(-95,-102);
(-35,-102);
(-95,-42);
(-35,-42);
(-43,68);
(-10,68);
(-43,101);
(-10,101);
(22,57);
(108,57);
(22,143);
(108,143);
(96,28);
(152,28);
(96,84);
(152,84);
(-38,107);
(13,107);
(-38,158);
(13,158);
(-45,122);
(30,122);
(-45,197);
(30,197);
(37,43);
(97,43);
(37,103);
(97,103);
(2,-30);
(51,-30);
(2,19);
(51,19);
(-29,-105);
(14,-105);
(-29,-62);
(14,-62);
(68,-58);
(157,-58);
(68,31);
(157,31);
(-24,-15);
(3,-15);
(-24,12);
(3,12);
(43,-22);
(71,-22);
(43,6);
(71,6);
(34,3);
(62,3);
(34,31);
(62,31);
(-48,-24);
(21,-24);
(-48,45);
(21,45);
(53,29);
(135,29);
(53,111);
(135,111);
(-72,-93);
(-38,-93);
(-72,-59);
(-38,-59);
(54,6);
(83,6);
(54,35);
(83,35);
(84,-92);
(158,-92);
(84,-18);
(158,-18);
(-94,111);
(-36,111);
(-94,169);
(-36,169);
(-123,109);
(-97,109);
(-123,135);
(-97,135);
(8,-41);
(48,-41);
(8,-1);
(48,-1);
(-51,68);
(-17,68);
(-51,102);
(-17,102);
(-41,11);
(39,11);
(-41,91);
(39,91);
(-56,-115);
(34,-115);
(-56,-25);
(34,-25);
(32,-60);
(88,-60);
(32,-4);
(88,-4);
(-127,116);
(-34,116);
(-127,209);
(-34,209);
(-67,-75);
(-11,-75);
(-67,-19);
(-11,-19);
(-110,39);
(-44,39);
(-110,105);
(-44,105);
(74,-108);
(121,-108);
(74,-61);
(121,-61);
(34,-44);
(97,-44);
(34,19);
(97,19);
(60,-26);
(152,-26);
(60,66);
(152,66);
(-73,-113);
(-47,-113);
(-73,-87);
(-47,-87);
(-40,-70);
(-11,-70);
(-40,-41);
(-11,-41);
(14,-55);
(57,-55);
(14,-12);
(57,-12);
(107,33);
(170,33);
(107,96);
(170,96);
(96,-92);
(166,-92);
(96,-22);
(166,-22);
(101,-109);
(167,-109);
(101,-43);
(167,-43);
(-80,-83);
(-6,-83);
(-80,-9);
(-6,-9);
(-95,59);
(-66,59);
(-95,88);
(-66,88);
(24,-83);
(60,-83);
(24,-47);
(60,-47);
(55,-87);
(80,-87);
(55,-62);
(80,-62);
(25,80);
(85,80);
(25,140);
(85,140);
(-21,73);
(56,73);
(-21,150);
(56,150);
(9,59);
(46,59);
(9,96);
(46,96);
(126,-88);
(163,-88);
(126,-51);
(163,-51);
(70,-102);
(162,-102);
(70,-10);
(162,-10);
(-118,-108);
(-21,-108);
(-118,-11);
(-21,-11);
(17,-5);
(74,-5);
(17,52);
(74,52);
(25,-60);
(85,-60);
(25,0);
(85,0);
(53,13);
(112,13);
(53,72);
(112,72);
(27,13);
(57,13);
(27,43);
(57,43);
(-122,-52);
(-81,-52);
(-122,-11);
(-81,-11);
(95,-82);
(142,-82);
(95,-35);
(142,-35);
(57,95);
(100,95);
(57,138);
(100,138);
(96,36);
(135,36);
(96,75);
(135,75);
(-123,9);
(-78,9);
(-123,54);
(-78,54);
(93,123);
(155,123);
(93,185);
(155,185);
(-37,-106);
(-11,-106);
(-37,-80);
(-11,-80);
(-49,-54);
(46,-54);
(-49,41);
(46,41);
(-63,70);
(-3,70);
(-63,130);
(-3,130);
(-68,93);
(-21,93);
(-68,140);
(-21,140);
(-3,7);
(86,7);
(-3,96);
(86,96);
(-108,-1);
(-52,-1);
(-108,55);
(-52,55);
(23,-57);
(121,-57);
(23,41);
(121,41);
(-102,-113);
(-32,-113);
(-102,-43);
(-32,-43);
(-123,-96);
(-40,-96);
(-123,-13);
(-40,-13);
(-4,-109);
(67,-109);
(-4,-38);
(67,-38);
(58,100);
(130,100);
(58,172);
(130,172);
(-54,13);
(-25,13);
(-54,42);
(-25,42);
(-109,-8);
(-56,-8);
(-109,45);
(-56,45);
(62,10);
(121,10);
(62,69);
(121,69);
(8,-108);
(99,-108);
(8,-17);
(99,-17);
(-29,120);
(45,120);
(-29,194);
(45,194);
(-69,-75);
(30,-75);
(-69,24);
(30,24);
(55,-78);
(122,-78);
(55,-11);
(122,-11);
(-89,-30);
(8,-30);
(-89,67);
(8,67);
(-68,-73);
(22,-73);
(-68,17);
(22,17);
(-114,45);
(-50,45);
(-114,109);
(-50,109);
(-53,-98);
(20,-98);
(-53,-25);
(20,-25);
(-23,-25);
(9,-25);
(-23,7);
(9,7);
(-85,-16);
(-2,-16);
(-85,67);
(-2,67);
(126,117);
(204,117);
(126,195);
(204,195);
(54,69);
(104,69);
(54,119);
(104,119);
(-85,-53);
(-59,-53);
(-85,-27);
(-59,-27);
(23,120);
(83,120);
(23,180);
(83,180);
(-55,-40);
(-3,-40);
(-55,12);
(-3,12);
(17,120);
(94,120);
(17,197);
(94,197);
(-18,82);
(41,82);
(-18,141);
(41,141);
(90,93);
(147,93);
(90,150);
(147,150);
(-102,-121);
(-15,-121);
(-102,-34);
(-15,-34);
(119,0);
(199,0);
(119,80);
(199,80);
(-111,65);
(-37,65);
(-111,139);
(-37,139);
(46,-126);
(115,-126);
(46,-57);
(115,-57);
(-50,67);
(-17,67);
(-50,100);
(-17,100);
(-83,-82);
(-52,-82);
(-83,-51);
(-52,-51);
(-5,86);
(93,86);
(-5,184);
(93,184);
(102,-8);
(144,-8);
(102,34);
(144,34);
(65,-13);
(156,-13);
(65,78);
(156,78);
(101,110);
(194,110);
(101,203);
(194,203);
(-76,65);
(-48,65);
(-76,93);
(-48,93);
(-95,-94);
(-27,-94);
(-95,-26);
(-27,-26);
(30,-1);
(127,-1);
(30,96);
(127,96);
(9,25);
(64,25);
(9,80);
(64,80);
(-19,-73);
(34,-73);
(-19,-20);
(34,-20);
(50,-5);
(140,-5);
(50,85);
(140,85);
(-77,-97);
(19,-97);
(-77,-1);
(19,-1);
(-77,118);
(-18,118);
(-77,177);
(-18,177);
(-24,-33);
(19,-33);
(-24,10);
(19,10);
(-68,-108);
(6,-108);
(-68,-34);
(6,-34);
(9,12);
(71,12);
(9,74);
(71,74);
(-15,-22);
(21,-22);
(-15,14);
(21,14);
(-3,65);
(86,65);
(-3,154);
(86,154);
(-55,19);
(16,19);
(-55,90);
(16,90);
(12,1);
(41,1);
(12,30);
(41,30);
(69,-96);
(111,-96);
(69,-54);
(111,-54);
(-127,-88);
(-58,-88);
(-127,-19);
(-58,-19);
(-46,-13);
(5,-13);
(-46,38);
(5,38);
(10,-35);
(99,-35);
(10,54);
(99,54);
(17,-120);
(107,-120);
(17,-30);
(107,-30);
(-35,-87);
(24,-87);
(-35,-28);
(24,-28);
(4,-68);
(93,-68);
(4,21);
(93,21);
(-21,65);
(19,65);
(-21,105);
(19,105);
(-38,-61);
(27,-61);
(-38,4);
(27,4);
(120,-14);
(184,-14);
(120,50);
(184,50);
(117,16);
(190,16);
(117,89);
(190,89);
(-44,-80);
(10,-80);
(-44,-26);
(10,-26);
(-11,11);
(14,11);
(-11,36);
(14,36);
(-57,-34);
(-7,-34);
(-57,16);
(-7,16);
(-20,-50);
(33,-50);
(-20,3);
(33,3);
(-34,-90);
(57,-90);
(-34,1);
(57,1);
(41,78);
(119,78);
(41,156);
(119,156);
(62,38);
(141,38);
(62,117);
(141,117);
(-95,14);
(-45,14);
(-95,64);
(-45,64);
(-60,31);
(25,31);
(-60,116);
(25,116);
(-107,-43);
(-67,-43);
(-107,-3);
(-67,-3);
(78,-9);
(114,-9);
(78,27);
(114,27);
(31,24);
(62,24);
(31,55);
(62,55);
(-74,-88);
(-6,-88);
(-74,-20);
(-6,-20);
(-36,89);
(21,89);
(-36,146);
(21,146);
(-47,64);
(34,64);
(-47,145);
(34,145);
(45,110);
(82,110);
(45,147);
(82,147);
(106,-29);
(134,-29);
(106,-1);
(134,-1);
(72,-73);
(107,-73);
(72,-38);
(107,-38);
(30,-104);
(85,-104);
(30,-49);
(85,-49);
(-26,43);
(36,43);
(-26,105);
(36,105);
(6,95);
(42,95);
(6,131);
(42,131);
(-77,-33);
(-7,-33);
(-77,37);
(-7,37);
(-118,11);
(-65,11);
(-118,64);
(-65,64);
(-102,113);
(-8,113);
(-102,207);
(-8,207);
(-100,-36);
(-38,-36);
(-100,26);
(-38,26);
(38,-88);
(80,-88);
(38,-46);
(80,-46);
(9,34);
(100,34);
(9,125);
(100,125);
(-78,-14);
(-11,-14);
(-78,53);
(-11,53);
(118,99);
(149,99);
(118,130);
(149,130);
(-121,26);
(-84,26);
(-121,63);
(-84,63);
(62,-81);
(157,-81);
(62,14);
(157,14);
(-50,-84);
(19,-84);
(-50,-15);
(19,-15);
(94,-77);
(161,-77);
(94,-10);
(161,-10);
(-33,121);
(24,121);
(-33,178);
(24,178);
(44,-32);
(119,-32);
(44,43);
(119,43);
(106,-105);
(161,-105);
(106,-50);
(161,-50);
(-118,43);
(-32,43);
(-118,129);
(-32,129);
(84,-62);
(154,-62);
(84,8);
(154,8);
(121,-96);
(214,-96);
(121,-3);
(214,-3);
(13,126);
(105,126);
(13,218);
(105,218);
(102,119);
(158,119);
(102,175);
(158,175);
(-94,-115);
(-8,-115);
(-94,-29);
(-8,-29);
(9,107);
(89,107);
(9,187);
(89,187);
(-51,-35);
(-23,-35);
(-51,-7);
(-23,-7);
(50,-120);
(125,-120);
(50,-45);
(125,-45);
(-101,-28);
(-54,-28);
(-101,19);
(-54,19);
(-68,-126);
(13,-126);
(-68,-45);
(13,-45);
(22,26);
(64,26);
(22,68);
(64,68);
(-114,94);
(-19,94);
(-114,189);
(-19,189);
(-1,-103);
(48,-103);
(-1,-54);
(48,-54);
(51,116);
(93,116);
(51,158);
(93,158);
(119,-39);
(151,-39);
(119,-7);
(151,-7);
(97,46);
(162,46);
(97,111);
(162,111);
(62,9);
(100,9);
(62,47);
(100,47);
(-115,-126);
(-84,-126);
(-115,-95);
(-84,-95);
(-23,-1);
(47,-1);
(-23,69);
(47,69);
