(50,-5);
(89,-5);
(50,34);
(89,34);
(-59,20);
(33,20);
(-59,112);
(33,112);
(-56,-11);
(12,-11);
(-56,57);
(12,57);
(94,40);
(180,40);
(94,126);
(180,126);
(32,-98);
(62,-98);
(32,-68);
(62,-68);
(-103,-20);
(-34,-20);
(-103,49);
(-34,49);
(-103,48);
(-30,48);
(-103,121);
(-30,121);
(92,36);
(152,36);
(92,96);
(152,96);
(-24,108);
(15,108);
(-24,147);
(15,147);
(-86,48);
(-57,48);
(-86,77);
(-57,77);
(83,-56);
(108,-56);
(83,-31);
(108,-31);
(95,35);
(130,35);
(95,70);
(130,70);
(-89,-44);
(-29,-44);
(-89,16);
(-29,16);
(59,-79);
(133,-79);
(59,-5);
(133,-5);
(19,81);
(94,81);
(19,156);
(94,156);
(-105,-75);
(-54,-75);
(-105,-24);
(-54,-24);
(-93,-35);
(-20,-35);
(-93,38);
(-20,38);
(-12,76);
(68,76);
(-12,156);
(68,156);
(79,87);
(157,87);
(79,165);
(157,165);
(57,58);
(106,58);
(57,107);
(106,107);
(-87,-124);
(-44,-124);
(-87,-81);
(-44,-81);
(126,-2);
(151,-2);
(126,23);
(151,23);
(-80,64);
(-30,64);
(-80,114);
(-30,114);
(-27,-69);
(65,-69);
(-27,23);
(65,23);
(-33,-120);
(56,-120);
(-33,-31);
(56,-31);
(-46,-38);
(35,-38);
(-46,43);
(35,43);
(14,-97);
(107,-97);
(14,-4);
(107,-4);
(-49,35);
(-16,35);
(-49,68);
(-16,68);
(52,-124);
(146,-124);
(52,-30);
(146,-30);
(-104,-68);
(-55,-68);
(-104,-19);
(-55,-19);
(26,-72);
(64,-72);
(26,-34);
(64,-34);
(-126,-10);
(-58,-10);
(-126,58);
(-58,58);
(6,112);
(97,112);
(6,203);
(97,203);
(-79,-93);
(-23,-93);
(-79,-37);
(-23,-37);
(88,-43);
(130,-43);
(88,-1);
(130,-1);
