(50,-9);
(137,-9);
(50,78);
(137,78);
(-7,6);
(37,6);
(-7,50);
(37,50);
(16,-80);
(47,-80);
(16,-49);
(47,-49);
(-49,37);
(38,37);
(-49,124);
(38,124);
(39,33);
(71,33);
(39,65);
(71,65);
(46,96);
(91,96);
(46,141);
(91,141);
(-60,87);
(16,87);
(-60,163);
(16,163);
(-56,-123);
(-23,-123);
(-56,-90);
(-23,-90);
(61,112);
(96,112);
(61,147);
(96,147);
(43,26);
(137,26);
(43,120);
(137,120);
(-101,-73);
(-55,-73);
(-101,-27);
(-55,-27);
(-69,-60);
(-43,-60);
(-69,-34);
(-43,-34);
(-41,20);
(50,20);
(-41,111);
(50,111);
(14,-99);
(54,-99);
(14,-59);
(54,-59);
(92,117);
(146,117);
(92,171);
(146,171);
(33,-7);
(74,-7);
(33,34);
(74,34);
(-120,-18);
(-73,-18);
(-120,29);
(-73,29);
(-53,42);
(9,42);
(-53,104);
(9,104);
(-22,115);
(32,115);
(-22,169);
(32,169);
(117,-118);
(189,-118);
(117,-46);
(189,-46);
(-60,126);
(25,126);
(-60,211);
(25,211);
(-112,8);
(-13,8);
(-112,107);
(-13,107);
(73,-122);
(142,-122);
(73,-53);
(142,-53);
(-76,-12);
(14,-12);
(-76,78);
(14,78);
(-27,-98);
(50,-98);
(-27,-21);
(50,-21);
(-60,-7);
(-29,-7);
(-60,24);
(-29,24);
(-90,76);
(-52,76);
(-90,114);
(-52,114);
(-83,66);
(1,66);
(-83,150);
(1,150);
(-25,54);
(9,54);
(-25,88);
(9,88);
(-98,-68);
(-14,-68);
(-98,16);
(-14,16);
(-57,-69);
(40,-69);
(-57,28);
(40,28);
(123,22);
(168,22);
(123,67);
(168,67);
(113,-4);
(173,-4);
(113,56);
(173,56);
(7,-34);
(42,-34);
(7,1);
(42,1);
(-22,97);
(69,97);
(-22,188);
(69,188);
(-19,-68);
(64,-68);
(-19,15);
(64,15);
(-124,84);
(-31,84);
(-124,177);
(-31,177);
(-54,124);
(32,124);
(-54,210);
(32,210);
(126,27);
(178,27);
(126,79);
(178,79);
(65,81);
(152,81);
(65,168);
(152,168);
(94,103);
(171,103);
(94,180);
(171,180);
